-23.8413 0
-23.8283 0
-23.8143 0
-23.8013 0
-23.7883 0
-23.7743 0
-23.7613 0
-23.7483 0
-23.7343 0
-23.7213 0
-23.7083 0
-23.6943 0
-23.6813 0
-23.6683 0
-23.6543 0
-23.6413 0
-23.6283 0
-23.6143 0
-23.6013 0
-23.5883 0
-23.5743 0
-23.5613 0
-23.5483 0
-23.5343 0
-23.5213 0
-23.5083 0
-23.4943 0
-23.4813 0
-23.4683 0
-23.4543 0
-23.4413 0
-23.4283 0
-23.4143 0
-23.4013 0
-23.3883 0
-23.3743 0
-23.3613 0
-23.3483 0
-23.3343 0
-23.3213 0
-23.3073 0
-23.2943 0
-23.2813 0
-23.2673 0
-23.2543 0
-23.2413 0
-23.2273 0
-23.2143 0
-23.2013 0
-23.1873 0
-23.1743 0
-23.1613 0
-23.1473 0
-23.1343 0
-23.1213 0
-23.1073 0
-23.0943 0
-23.0813 0
-23.0673 0
-23.0543 0
-23.0413 0
-23.0273 0
-23.0143 0
-23.0013 0
-22.9873 0
-22.9743 0
-22.9613 0
-22.9473 0
-22.9343 0
-22.9213 0
-22.9073 0
-22.8943 0
-22.8813 0
-22.8673 0
-22.8543 0
-22.8413 0
-22.8273 0
-22.8143 0
-22.8013 0
-22.7873 0
-22.7743 0
-22.7613 0
-22.7473 0
-22.7343 0
-22.7213 0
-22.7073 0
-22.6943 0
-22.6813 0
-22.6673 0
-22.6543 0
-22.6413 0
-22.6273 0
-22.6143 0
-22.6013 0
-22.5873 0
-22.5743 0
-22.5613 0
-22.5473 0
-22.5343 0
-22.5213 0
-22.5073 0
-22.4943 0
-22.4813 0
-22.4673 0
-22.4543 0
-22.4413 0
-22.4273 0
-22.4143 0
-22.4013 0
-22.3873 0
-22.3743 0
-22.3613 0
-22.3473 0
-22.3343 0
-22.3203 0
-22.3073 0
-22.2943 0
-22.2803 0
-22.2673 0
-22.2543 0
-22.2403 0
-22.2273 0
-22.2143 0
-22.2003 0
-22.1873 0
-22.1743 0
-22.1603 0
-22.1473 0
-22.1343 0
-22.1203 0
-22.1073 0
-22.0943 0
-22.0803 0
-22.0673 0
-22.0543 0
-22.0403 0
-22.0273 0
-22.0143 0
-22.0003 0
-21.9873 0
-21.9743 0
-21.9603 0
-21.9473 0
-21.9343 0
-21.9203 0
-21.9073 0
-21.8943 0
-21.8803 0
-21.8673 0
-21.8543 0
-21.8403 0
-21.8273 0
-21.8143 0
-21.8003 0
-21.7873 0
-21.7743 0
-21.7603 0
-21.7473 0
-21.7343 0
-21.7203 0
-21.7073 0
-21.6943 0
-21.6803 0
-21.6673 0
-21.6543 0
-21.6403 0
-21.6273 0
-21.6143 0
-21.6003 0
-21.5873 0
-21.5743 0
-21.5603 0
-21.5473 0
-21.5343 0
-21.5203 0
-21.5073 0
-21.4943 0
-21.4803 0
-21.4673 0
-21.4543 0
-21.4403 0
-21.4273 0
-21.4143 0
-21.4003 0
-21.3873 0
-21.3743 0
-21.3603 0
-21.3473 0
-21.3333 0
-21.3203 0
-21.3073 0
-21.2933 0
-21.2803 0
-21.2673 0
-21.2533 0
-21.2403 0
-21.2273 0
-21.2133 0
-21.2003 0
-21.1873 0
-21.1733 0
-21.1603 0
-21.1473 0
-21.1333 0
-21.1203 0
-21.1073 0
-21.0933 0
-21.0803 0
-21.0673 0
-21.0533 0
-21.0403 0
-21.0273 0
-21.0133 0
-21.0003 0
-20.9873 0
-20.9733 0
-20.9603 0
-20.9473 0
-20.9333 0
-20.9203 0
-20.9073 0
-20.8933 0
-20.8803 0
-20.8673 0
-20.8533 0
-20.8403 0
-20.8273 0
-20.8133 0
-20.8003 0
-20.7873 0
-20.7733 0
-20.7603 0
-20.7473 0
-20.7333 0
-20.7203 0
-20.7073 0
-20.6933 0
-20.6803 0
-20.6673 0
-20.6533 0
-20.6403 0
-20.6273 0
-20.6133 0
-20.6003 0
-20.5873 0
-20.5733 0
-20.5603 0
-20.5473 0
-20.5333 0
-20.5203 0
-20.5073 0
-20.4933 0
-20.4803 0
-20.4673 0
-20.4533 0
-20.4403 0
-20.4273 0
-20.4133 0
-20.4003 0
-20.3873 0
-20.3733 0
-20.3603 0
-20.3473 0
-20.3333 0
-20.3203 0
-20.3063 0
-20.2933 0
-20.2803 0
-20.2663 0
-20.2533 0
-20.2403 0
-20.2263 0
-20.2133 0
-20.2003 0
-20.1863 0
-20.1733 0
-20.1603 0
-20.1463 0
-20.1333 0
-20.1203 0
-20.1063 0
-20.0933 0
-20.0803 0
-20.0663 0
-20.0533 0
-20.0403 0
-20.0263 0
-20.0133 0
-20.0003 0
-19.9863 0
-19.9733 0
-19.9603 0
-19.9463 0
-19.9333 0
-19.9203 0
-19.9063 0
-19.8933 0
-19.8803 0
-19.8663 0
-19.8533 0
-19.8403 0
-19.8263 0
-19.8133 0
-19.8003 0
-19.7863 0
-19.7733 0
-19.7603 0
-19.7463 0
-19.7333 0
-19.7203 0
-19.7063 0
-19.6933 0
-19.6803 0
-19.6663 0
-19.6533 0
-19.6403 0
-19.6263 0
-19.6133 0
-19.6003 0
-19.5863 0
-19.5733 0
-19.5603 0
-19.5463 0
-19.5333 0
-19.5203 0
-19.5063 0
-19.4933 0
-19.4803 0
-19.4663 0
-19.4533 0
-19.4403 0
-19.4263 0
-19.4133 0
-19.4003 0
-19.3863 0
-19.3733 0
-19.3603 0
-19.3463 0
-19.3333 0
-19.3193 0
-19.3063 0
-19.2933 0
-19.2793 0
-19.2663 0
-19.2533 0
-19.2393 0
-19.2263 0
-19.2133 0
-19.1993 0
-19.1863 0
-19.1733 0
-19.1593 0
-19.1463 0
-19.1333 0
-19.1193 0
-19.1063 0
-19.0933 0
-19.0793 0
-19.0663 0
-19.0533 0
-19.0393 0
-19.0263 0
-19.0133 0
-18.9993 0
-18.9863 0
-18.9733 0
-18.9593 0
-18.9463 0
-18.9333 0
-18.9193 0
-18.9063 0
-18.8933 0
-18.8793 0
-18.8663 0
-18.8533 0
-18.8393 0
-18.8263 0
-18.8133 0
-18.7993 0
-18.7863 0
-18.7733 0
-18.7593 0
-18.7463 0
-18.7333 0
-18.7193 0
-18.7063 0
-18.6933 0
-18.6793 0
-18.6663 0
-18.6533 0
-18.6393 0
-18.6263 0
-18.6133 0
-18.5993 0
-18.5863 0
-18.5733 0
-18.5593 0
-18.5463 0
-18.5333 0
-18.5193 0
-18.5063 0
-18.4933 0
-18.4793 0
-18.4663 0
-18.4533 0
-18.4393 0
-18.4263 0
-18.4133 0
-18.3993 0
-18.3863 0
-18.3733 0
-18.3593 0
-18.3463 0
-18.3323 0
-18.3193 0
-18.3063 0
-18.2923 0
-18.2793 0
-18.2663 0
-18.2523 0
-18.2393 0
-18.2263 0
-18.2123 0
-18.1993 0
-18.1863 0
-18.1723 0
-18.1593 0
-18.1463 0
-18.1323 0
-18.1193 0
-18.1063 0
-18.0923 0
-18.0793 0
-18.0663 0
-18.0523 0
-18.0393 0
-18.0263 0
-18.0123 0
-17.9993 0
-17.9863 0
-17.9723 0
-17.9593 0
-17.9463 0
-17.9323 0
-17.9193 0
-17.9063 0
-17.8923 0
-17.8793 0
-17.8663 0
-17.8523 0
-17.8393 0
-17.8263 0
-17.8123 0
-17.7993 0
-17.7863 0
-17.7723 0
-17.7593 0
-17.7463 0
-17.7323 0
-17.7193 0
-17.7063 0
-17.6923 0
-17.6793 0
-17.6663 0
-17.6523 0.4222
-17.6393 1.81
-17.6263 3.933
-17.6123 5.985
-17.5993 7.876
-17.5863 11.87
-17.5723 14.98
-17.5593 15.29
-17.5463 14.85
-17.5323 14.67
-17.5193 14.41
-17.5063 14.18
-17.4923 13.91
-17.4793 13.84
-17.4663 14.37
-17.4523 16.25
-17.4393 19.02
-17.4263 20.01
-17.4123 22.88
-17.3993 28.7
-17.3863 21.26
-17.3723 8.469
-17.3593 12.31
-17.3463 23.42
-17.3323 33.1
-17.3193 35.79
-17.3053 32.82
-17.2923 30.43
-17.2793 23.43
-17.2653 22.5
-17.2523 24.19
-17.2393 24.94
-17.2253 31.55
-17.2123 30.69
-17.1993 24.88
-17.1853 34.63
-17.1723 37.86
-17.1593 49.06
-17.1453 56.02
-17.1323 52.45
-17.1193 44.83
-17.1053 44.76
-17.0923 51.33
-17.0793 55.83
-17.0653 40.01
-17.0523 36.97
-17.0393 33.26
-17.0253 32.8
-17.0123 64.92
-16.9993 59.42
-16.9853 54.43
-16.9723 60.55
-16.9593 56.52
-16.9453 64.48
-16.9323 60.86
-16.9193 62.09
-16.9053 96.24
-16.8923 99.98
-16.8793 98.6
-16.8653 114.1
-16.8523 100.4
-16.8393 77.19
-16.8253 77.83
-16.8123 118.4
-16.7993 146.7
-16.7853 97.75
-16.7723 124.1
-16.7593 161.9
-16.7453 140.7
-16.7323 141.3
-16.7193 151
-16.7053 229
-16.6923 171
-16.6793 135.3
-16.6653 171.5
-16.6523 162.8
-16.6393 231
-16.6253 216.9
-16.6123 151
-16.5993 181.8
-16.5853 216.5
-16.5723 204.1
-16.5593 258.6
-16.5453 405
-16.5323 187.3
-16.5193 260.1
-16.5053 418.9
-16.4923 176.2
-16.4793 0
-16.4653 0
-16.4523 0
-16.4393 0
-16.4253 0
-16.4123 0
-16.3993 0
-16.3853 0
-16.3723 0
-16.3593 0
-16.3453 0
-16.3323 0
-16.3183 0
-16.3053 0
-16.2923 0
-16.2783 0
-16.2653 0
-16.2523 0
-16.2383 0
-16.2253 0
-16.2123 0
-16.1983 0
-16.1853 0
-16.1723 0
-16.1583 0
-16.1453 0
-16.1323 0
-16.1183 0
-16.1053 0
-16.0923 0
-16.0783 0
-16.0653 0
-16.0523 0
-16.0383 0
-16.0253 0
-16.0123 0
-15.9983 0
-15.9853 0
-15.9723 0
-15.9583 0
-15.9453 0
-15.9323 0
-15.9183 0
-15.9053 0
-15.8923 0
-15.8783 0
-15.8653 0
-15.8523 0
-15.8383 0
-15.8253 0
-15.8123 0
-15.7983 0
-15.7853 0
-15.7723 0
-15.7583 0
-15.7453 0
-15.7323 0
-15.7183 0
-15.7053 0
-15.6923 0
-15.6783 0
-15.6653 0
-15.6523 0
-15.6383 0
-15.6253 0
-15.6123 0
-15.5983 0
-15.5853 0
-15.5723 0
-15.5583 0
-15.5453 0
-15.5323 0
-15.5183 0
-15.5053 0
-15.4923 0
-15.4783 0
-15.4653 0
-15.4523 0
-15.4383 0
-15.4253 0
-15.4123 0
-15.3983 0
-15.3853 0
-15.3723 0
-15.3583 0
-15.3453 0
-15.3313 0
-15.3183 0
-15.3053 0
-15.2913 0
-15.2783 0
-15.2653 0
-15.2513 0
-15.2383 0
-15.2253 0
-15.2113 0
-15.1983 0
-15.1853 0
-15.1713 0
-15.1583 0
-15.1453 0
-15.1313 0
-15.1183 0
-15.1053 0
-15.0913 0
-15.0783 0
-15.0653 0
-15.0513 0
-15.0383 0
-15.0253 0
-15.0113 0
-14.9983 0
-14.9853 0
-14.9713 0
-14.9583 0
-14.9453 0
-14.9313 0
-14.9183 0
-14.9053 0
-14.8913 0
-14.8783 0
-14.8653 0
-14.8513 0
-14.8383 0
-14.8253 0
-14.8113 0
-14.7983 0
-14.7853 0
-14.7713 0
-14.7583 0
-14.7453 0
-14.7313 0
-14.7183 0
-14.7053 0
-14.6913 0
-14.6783 0
-14.6653 0
-14.6513 0
-14.6383 0
-14.6253 0
-14.6113 0
-14.5983 0
-14.5853 0
-14.5713 0
-14.5583 0
-14.5453 0
-14.5313 0
-14.5183 0
-14.5053 0
-14.4913 0
-14.4783 0
-14.4653 0
-14.4513 0
-14.4383 0
-14.4253 0
-14.4113 0
-14.3983 0
-14.3853 0
-14.3713 0
-14.3583 0
-14.3453 0
-14.3313 0
-14.3183 0
-14.3043 0
-14.2913 0
-14.2783 0
-14.2643 0
-14.2513 0
-14.2383 0
-14.2243 0
-14.2113 0
-14.1983 0
-14.1843 0
-14.1713 0
-14.1583 0
-14.1443 0
-14.1313 0
-14.1183 0
-14.1043 0
-14.0913 0
-14.0783 0
-14.0643 0
-14.0513 0
-14.0383 0
-14.0243 0
-14.0113 0
-13.9983 0
-13.9843 0
-13.9713 0
-13.9583 0
-13.9443 0
-13.9313 0
-13.9183 0
-13.9043 0
-13.8913 0
-13.8783 0
-13.8643 0
-13.8513 0
-13.8383 0
-13.8243 0
-13.8113 0
-13.7983 0
-13.7843 0
-13.7713 0
-13.7583 0
-13.7443 0
-13.7313 0
-13.7183 0
-13.7043 0
-13.6913 0
-13.6783 0
-13.6643 0
-13.6513 0
-13.6383 0
-13.6243 0
-13.6113 0
-13.5983 0
-13.5843 0
-13.5713 0
-13.5583 0
-13.5443 0
-13.5313 0
-13.5183 0
-13.5043 0
-13.4913 0
-13.4783 0
-13.4643 0
-13.4513 0
-13.4383 0
-13.4243 0
-13.4113 0
-13.3983 0
-13.3843 0
-13.3713 0
-13.3583 0
-13.3443 0
-13.3313 0
-13.3173 0
-13.3043 0
-13.2913 0
-13.2773 0
-13.2643 0
-13.2513 0
-13.2373 0
-13.2243 0
-13.2113 0
-13.1973 0
-13.1843 0
-13.1713 0
-13.1573 0
-13.1443 0
-13.1313 0
-13.1173 0
-13.1043 0
-13.0913 0
-13.0773 0
-13.0643 0
-13.0513 0
-13.0373 0
-13.0243 0
-13.0113 0
-12.9973 0
-12.9843 0
-12.9713 0
-12.9573 0
-12.9443 0
-12.9313 0
-12.9173 0
-12.9043 0
-12.8913 0
-12.8773 0
-12.8643 0
-12.8513 0
-12.8373 0
-12.8243 0
-12.8113 0
-12.7973 0
-12.7843 0
-12.7713 0
-12.7573 0
-12.7443 0
-12.7313 0
-12.7173 0
-12.7043 0
-12.6913 0
-12.6773 0
-12.6643 0
-12.6513 0
-12.6373 0
-12.6243 0
-12.6113 0
-12.5973 0
-12.5843 0
-12.5713 0
-12.5573 0
-12.5443 0
-12.5313 0
-12.5173 0
-12.5043 0
-12.4913 0
-12.4773 0
-12.4643 0
-12.4513 0
-12.4373 0
-12.4243 0
-12.4113 0
-12.3973 0
-12.3843 0
-12.3713 0
-12.3573 0
-12.3443 0
-12.3303 0
-12.3173 0
-12.3043 0
-12.2903 0
-12.2773 0
-12.2643 0
-12.2503 0
-12.2373 0
-12.2243 0
-12.2103 0
-12.1973 0
-12.1843 0
-12.1703 0
-12.1573 0
-12.1443 0
-12.1303 0
-12.1173 0
-12.1043 0
-12.0903 0
-12.0773 0
-12.0643 0
-12.0503 0
-12.0373 0
-12.0243 0
-12.0103 0
-11.9973 0
-11.9843 0
-11.9703 0
-11.9573 0
-11.9443 0
-11.9303 0
-11.9173 0
-11.9043 0
-11.8903 0
-11.8773 0
-11.8643 0
-11.8503 0
-11.8373 0
-11.8243 0
-11.8103 0
-11.7973 0
-11.7843 0
-11.7703 0
-11.7573 0
-11.7443 0
-11.7303 0
-11.7173 0
-11.7043 0
-11.6903 0
-11.6773 0
-11.6643 0
-11.6503 0
-11.6373 0
-11.6243 0
-11.6103 0
-11.5973 0
-11.5843 0
-11.5703 0
-11.5573 0
-11.5443 0
-11.5303 0
-11.5173 0
-11.5043 0
-11.4903 0
-11.4773 0
-11.4643 0
-11.4503 0
-11.4373 0
-11.4243 0
-11.4103 0
-11.3973 0
-11.3843 0
-11.3703 0
-11.3573 0
-11.3443 0
-11.3303 0
-11.3173 0
-11.3033 0
-11.2903 0
-11.2773 0
-11.2633 0
-11.2503 0
-11.2373 0
-11.2233 0
-11.2103 0
-11.1973 0
-11.1833 0
-11.1703 0
-11.1573 0
-11.1433 0
-11.1303 0
-11.1173 0
-11.1033 0
-11.0903 0
-11.0773 0
-11.0633 0
-11.0503 0
-11.0373 0
-11.0233 0
-11.0103 0
-10.9973 0
-10.9833 0
-10.9703 0
-10.9573 0
-10.9433 0
-10.9303 0
-10.9173 0
-10.9033 0
-10.8903 0
-10.8773 0
-10.8633 0
-10.8503 0
-10.8373 0
-10.8233 0
-10.8103 0
-10.7973 0
-10.7833 0
-10.7703 0
-10.7573 0
-10.7433 0
-10.7303 0
-10.7173 0
-10.7033 0
-10.6903 0
-10.6773 0
-10.6633 0
-10.6503 0
-10.6373 0
-10.6233 0
-10.6103 0
-10.5973 0
-10.5833 0
-10.5703 0
-10.5573 0
-10.5433 0
-10.5303 0
-10.5173 0
-10.5033 0
-10.4903 0
-10.4773 0
-10.4633 0
-10.4503 0
-10.4373 0
-10.4233 0
-10.4103 0
-10.3973 0
-10.3833 0
-10.3703 0
-10.3573 0
-10.3433 0
-10.3303 0
-10.3163 0
-10.3033 0
-10.2903 0
-10.2763 0
-10.2633 0
-10.2503 0
-10.2363 0
-10.2233 0
-10.2103 0
-10.1963 0
-10.1833 0
-10.1703 0
-10.1563 0
-10.1433 0
-10.1303 0
-10.1163 0
-10.1033 0
-10.0903 0
-10.0763 0
-10.0633 0
-10.0503 0
-10.0363 0
-10.0233 0
-10.0103 0
-9.9963 0
-9.9833 0
-9.9703 0
-9.9563 0
-9.9433 0
-9.9303 0
-9.9163 0
-9.9033 0
-9.8903 0
-9.8763 0
-9.8633 0
-9.8503 0
-9.8363 0
-9.8233 0
-9.8103 0
-9.7963 0
-9.7833 0
-9.7703 0
-9.7563 0
-9.7433 0
-9.7303 0
-9.7163 0
-9.7033 0
-9.6903 0
-9.6763 0
-9.6633 0
-9.6503 0
-9.6363 0
-9.6233 0
-9.6103 0
-9.5963 0
-9.5833 0
-9.5703 0
-9.5563 0
-9.5433 0
-9.5303 0
-9.5163 0
-9.5033 0
-9.4903 0
-9.4763 0
-9.4633 0
-9.4503 0
-9.4363 0
-9.4233 0
-9.4103 0
-9.3963 0
-9.3833 0
-9.3703 0
-9.3563 0
-9.3433 0
-9.3293 0
-9.3163 0
-9.3033 0
-9.2893 0
-9.2763 0
-9.2633 0
-9.2493 0
-9.2363 0
-9.2233 0
-9.2093 0
-9.1963 0
-9.1833 0
-9.1693 0
-9.1563 0
-9.1433 0
-9.1293 0
-9.1163 0
-9.1033 0
-9.0893 0
-9.0763 0
-9.0633 0
-9.0493 0
-9.0363 0
-9.0233 0
-9.0093 0
-8.9963 0
-8.9833 0
-8.9693 0
-8.9563 0
-8.9433 0
-8.9293 0
-8.9163 0
-8.9033 0
-8.8893 0
-8.8763 0
-8.8633 0
-8.8493 0
-8.8363 0
-8.8233 0
-8.8093 0
-8.7963 0
-8.7833 0
-8.7693 0
-8.7563 0
-8.7433 0
-8.7293 0
-8.7163 0
-8.7033 0
-8.6893 0
-8.6763 0
-8.6633 0
-8.6493 0
-8.6363 0
-8.6233 0
-8.6093 0
-8.5963 0
-8.5833 0
-8.5693 0
-8.5563 0
-8.5433 0
-8.5293 0
-8.5163 0
-8.5033 0
-8.4893 0
-8.4763 0
-8.4633 0
-8.4493 0
-8.4363 0
-8.4233 0
-8.4093 0
-8.3963 0
-8.3833 0
-8.3693 0
-8.3563 0
-8.3433 0
-8.3293 0
-8.3163 0
-8.3023 0
-8.2893 0
-8.2763 0
-8.2623 0
-8.2493 0
-8.2363 0
-8.2223 0
-8.2093 0
-8.1963 0
-8.1823 0
-8.1693 0
-8.1563 0
-8.1423 0
-8.1293 0
-8.1163 0
-8.1023 0
-8.0893 0
-8.0763 0
-8.0623 0
-8.0493 0
-8.0363 0
-8.0223 0
-8.0093 0
-7.9963 93.16
-7.9823 65.05
-7.9693 94.24
-7.9563 152.2
-7.9423 217.3
-7.9293 190.4
-7.9163 197
-7.9023 123.1
-7.8893 106.6
-7.8763 188.5
-7.8623 256.8
-7.8493 365.3
-7.8363 332.9
-7.8223 321.3
-7.8093 391
-7.7963 269.2
-7.7823 373.6
-7.7693 303.5
-7.7563 317.1
-7.7423 317.7
-7.7293 302.9
-7.7163 336.9
-7.7023 346.6
-7.6893 306.2
-7.6763 300.3
-7.6623 349.5
-7.6493 354.4
-7.6363 289.6
-7.6223 281.4
-7.6093 246.9
-7.5963 323.2
-7.5823 326.3
-7.5693 352.7
-7.5563 207.7
-7.5423 446.1
-7.5293 269.9
-7.5163 228.3
-7.5023 219.5
-7.4893 319.2
-7.4763 237.2
-7.4623 283.3
-7.4493 303.5
-7.4363 307.7
-7.4223 287.6
-7.4093 306.9
-7.3963 263.5
-7.3823 249.3
-7.3693 273.6
-7.3563 250
-7.3423 253.3
-7.3293 254.2
-7.3153 264.5
-7.3023 234.6
-7.2893 243.1
-7.2753 249.4
-7.2623 248.1
-7.2493 226.3
-7.2353 225.8
-7.2223 233.7
-7.2093 217.9
-7.1953 212.5
-7.1823 210.4
-7.1693 195.6
-7.1553 224.2
-7.1423 192.7
-7.1293 226.8
-7.1153 211.1
-7.1023 206.3
-7.0893 198
-7.0753 203.9
-7.0623 225.7
-7.0493 277.6
-7.0353 252.9
-7.0223 271.8
-7.0093 262.4
-6.9953 244.4
-6.9823 229.3
-6.9693 221.6
-6.9553 201.6
-6.9423 210.9
-6.9293 220.4
-6.9153 217.6
-6.9023 190.5
-6.8893 179
-6.8753 162.5
-6.8623 155.3
-6.8493 124.1
-6.8353 92.76
-6.8223 214.4
-6.8093 226.8
-6.7953 175.6
-6.7823 202.6
-6.7693 176.2
-6.7553 106.7
-6.7423 193.4
-6.7293 148.1
-6.7153 221.8
-6.7023 182.4
-6.6893 311.9
-6.6753 274
-6.6623 334.9
-6.6493 278.6
-6.6353 327.7
-6.6223 440.3
-6.6093 427.7
-6.5953 444.2
-6.5823 422.7
-6.5693 411.6
-6.5553 472.5
-6.5423 530.6
-6.5293 452.7
-6.5153 417.5
-6.5023 287.7
-6.4893 310.5
-6.4753 297.1
-6.4623 260.8
-6.4493 264.4
-6.4353 302.7
-6.4223 304.3
-6.4093 279.8
-6.3953 290.4
-6.3823 198.2
-6.3693 161.2
-6.3553 150.3
-6.3423 156.4
-6.3283 166.6
-6.3153 131.4
-6.3023 123.5
-6.2883 129.1
-6.2753 132.1
-6.2623 122
-6.2483 172.7
-6.2353 159.2
-6.2223 136.1
-6.2083 143.1
-6.1953 121.9
-6.1823 116.8
-6.1683 135.4
-6.1553 123.2
-6.1423 137.3
-6.1283 122.1
-6.1153 114.8
-6.1023 107.5
-6.0883 107.5
-6.0753 114.3
-6.0623 110.9
-6.0483 113.3
-6.0353 109.1
-6.0223 108.9
-6.0083 112.7
-5.9953 131.4
-5.9823 90.41
-5.9683 55.15
-5.9553 35.19
-5.9423 19.84
-5.9283 5.515
-5.9153 0.7218
-5.9023 0
-5.8883 0
-5.8753 0
-5.8623 0
-5.8483 0
-5.8353 0
-5.8223 0
-5.8083 0
-5.7953 0
-5.7823 0
-5.7683 0
-5.7553 0
-5.7423 0
-5.7283 0
-5.7153 0
-5.7023 0
-5.6883 0.05966
-5.6753 0.2808
-5.6623 0.5694
-5.6483 0.9425
-5.6353 1.501
-5.6223 1.953
-5.6083 2.212
-5.5953 2.438
-5.5823 2.631
-5.5683 2.802
-5.5553 2.956
-5.5423 3.052
-5.5283 3.114
-5.5153 3.194
-5.5023 3.32
-5.4883 3.473
-5.4753 3.628
-5.4623 3.783
-5.4483 3.94
-5.4353 4.098
-5.4223 4.286
-5.4083 4.69
-5.3953 5.409
-5.3823 5.846
-5.3683 5.996
-5.3553 6.135
-5.3423 6.264
-5.3283 6.705
-5.3153 10.02
-5.3013 15.64
-5.2883 19.26
-5.2753 20.45
-5.2613 20.26
-5.2483 18.25
-5.2353 10.06
-5.2213 7.198
-5.2083 7.01
-5.1953 7.583
-5.1813 8.429
-5.1683 11.23
-5.1553 17.19
-5.1413 19.85
-5.1283 22.07
-5.1153 21.75
-5.1013 18.79
-5.0883 21.59
-5.0753 26.06
-5.0613 31.98
-5.0483 42.1
-5.0353 40.42
-5.0213 35.77
-5.0083 35.61
-4.9953 43.8
-4.9813 43.53
-4.9683 47.83
-4.9553 48.96
-4.9413 50.21
-4.9283 50.99
-4.9153 53.33
-4.9013 68.43
-4.8883 63.48
-4.8753 61.56
-4.8613 63.58
-4.8483 68.57
-4.8353 71.12
-4.8213 66.68
-4.8083 76.68
-4.7953 77.17
-4.7813 71.71
-4.7683 76.62
-4.7553 86.79
-4.7413 96.71
-4.7283 87.87
-4.7153 82.71
-4.7013 75.52
-4.6883 69.02
-4.6753 70.56
-4.6613 68.78
-4.6483 59.71
-4.6353 59.1
-4.6213 62.92
-4.6083 63.07
-4.5953 64.62
-4.5813 64.17
-4.5683 63.48
-4.5553 62.86
-4.5413 62.11
-4.5283 59.73
-4.5153 57.84
-4.5013 59.95
-4.4883 59.96
-4.4753 57.85
-4.4613 55.18
-4.4483 52.82
-4.4353 48.54
-4.4213 44.58
-4.4083 41.2
-4.3953 38.82
-4.3813 35.77
-4.3683 52.16
-4.3553 29.28
-4.3413 52.46
-4.3283 64.81
-4.3143 74.39
-4.3013 77.3
-4.2883 77.12
-4.2743 68.79
-4.2613 65.7
-4.2483 58.81
-4.2343 55
-4.2213 52.09
-4.2083 48.42
-4.1943 49.4
-4.1813 47.08
-4.1683 60.86
-4.1543 60.62
-4.1413 39.23
-4.1283 44.36
-4.1143 48.39
-4.1013 51.35
-4.0883 43.33
-4.0743 41.56
-4.0613 37.68
-4.0483 38.4
-4.0343 36.03
-4.0213 36.24
-4.0083 36.02
-3.9943 32.85
-3.9813 33.1
-3.9683 33.73
-3.9543 34.59
-3.9413 35.39
-3.9283 36.61
-3.9143 38.18
-3.9013 37.25
-3.8883 36.63
-3.8743 36.54
-3.8613 37.17
-3.8483 38.61
-3.8343 36.41
-3.8213 37.89
-3.8083 40.3
-3.7943 39.24
-3.7813 41.73
-3.7683 52.03
-3.7543 48.76
-3.7413 42.61
-3.7283 42.76
-3.7143 47.86
-3.7013 53.45
-3.6883 43.02
-3.6743 44.5
-3.6613 42.61
-3.6483 38.66
-3.6343 36.36
-3.6213 37.23
-3.6083 37.78
-3.5943 36.57
-3.5813 35.58
-3.5683 36.34
-3.5543 34.69
-3.5413 32.84
-3.5283 29.88
-3.5143 30.48
-3.5013 27.96
-3.4883 35.26
-3.4743 39.28
-3.4613 39.24
-3.4483 39.29
-3.4343 43.44
-3.4213 35.84
-3.4083 40.49
-3.3943 45.53
-3.3813 44.94
-3.3683 45.44
-3.3543 48.37
-3.3413 43.61
-3.3273 43.5
-3.3143 45.44
-3.3013 47.06
-3.2873 48.29
-3.2743 46.33
-3.2613 47.45
-3.2473 49.22
-3.2343 50.33
-3.2213 49.43
-3.2073 46.23
-3.1943 43.58
-3.1813 45.71
-3.1673 46.52
-3.1543 47.62
-3.1413 50.12
-3.1273 50.2
-3.1143 54.43
-3.1013 54.83
-3.0873 57.44
-3.0743 54.69
-3.0613 57.07
-3.0473 61.48
-3.0343 69.15
-3.0213 78.25
-3.0073 80.84
-2.9943 72.01
-2.9813 66.15
-2.9673 71.17
-2.9543 78.4
-2.9413 85.14
-2.9273 73.1
-2.9143 49.4
-2.9013 49.77
-2.8873 53.9
-2.8743 56.31
-2.8613 60.68
-2.8473 62.65
-2.8343 62.02
-2.8213 60.57
-2.8073 64.17
-2.7943 67.59
-2.7813 58.41
-2.7673 55.68
-2.7543 58.64
-2.7413 55.9
-2.7273 46.63
-2.7143 40.96
-2.7013 43.24
-2.6873 51.92
-2.6743 53.25
-2.6613 48.05
-2.6473 53.02
-2.6343 63.54
-2.6213 58.78
-2.6073 62.06
-2.5943 64.07
-2.5813 68.19
-2.5673 69.21
-2.5543 66.21
-2.5413 66.74
-2.5273 65.14
-2.5143 65.49
-2.5013 64.16
-2.4873 64.34
-2.4743 62.75
-2.4613 60.86
-2.4473 68.29
-2.4343 66.01
-2.4213 78.67
-2.4073 75.81
-2.3943 67.73
-2.3813 67.56
-2.3673 69.08
-2.3543 70.76
-2.3403 73.74
-2.3273 75.81
-2.3143 75.39
-2.3003 74.43
-2.2873 74.36
-2.2743 72.29
-2.2603 69.35
-2.2473 67.65
-2.2343 68.51
-2.2203 67.1
-2.2073 68.47
-2.1943 75.31
-2.1803 81.12
-2.1673 81
-2.1543 84.66
-2.1403 85.06
-2.1273 88.52
-2.1143 90.85
-2.1003 87.45
-2.0873 84.91
-2.0743 80.97
-2.0603 77.22
-2.0473 85.11
-2.0343 78.92
-2.0203 78.63
-2.0073 80.02
-1.9943 73.11
-1.9803 70.9
-1.9673 70.21
-1.9543 72.15
-1.9403 75.92
-1.9273 78.82
-1.9143 89.98
-1.9003 95.25
-1.8873 109.7
-1.8743 114.5
-1.8603 107.5
-1.8473 98.51
-1.8343 93.4
-1.8203 86.86
-1.8073 90.02
-1.7943 100.8
-1.7803 115.4
-1.7673 122.5
-1.7543 125.9
-1.7403 119
-1.7273 117.5
-1.7143 114
-1.7003 122.9
-1.6873 146.9
-1.6743 124.4
-1.6603 129.8
-1.6473 124.1
-1.6343 121.8
-1.6203 135.4
-1.6073 138.4
-1.5943 115.6
-1.5803 114.7
-1.5673 113.5
-1.5543 108.6
-1.5403 103.2
-1.5273 100.2
-1.5143 97.55
-1.5003 98.46
-1.4873 101.4
-1.4743 104.3
-1.4603 115
-1.4473 112.5
-1.4343 98.5
-1.4203 90.35
-1.4073 86.72
-1.3943 82.83
-1.3803 85.69
-1.3673 83.24
-1.3543 79.02
-1.3403 79.26
-1.3273 88.09
-1.3133 84.58
-1.3003 75.25
-1.2873 77.66
-1.2733 75.46
-1.2603 71.73
-1.2473 70.87
-1.2333 71.23
-1.2203 73.57
-1.2073 77.5
-1.1933 73.88
-1.1803 69.64
-1.1673 55.47
-1.1533 48.64
-1.1403 50.76
-1.1273 62.93
-1.1133 60.65
-1.1003 64.75
-1.0873 60.32
-1.0733 52.84
-1.0603 50.11
-1.0473 43.84
-1.0333 47.86
-1.0203 65.36
-1.0073 50.32
-0.9933 42.88
-0.9803 33.4
-0.9673 32.53
-0.9533 34.05
-0.9403 37.67
-0.9273 38.49
-0.9133 34.74
-0.9003 47.79
-0.8873 54.05
-0.8733 44.98
-0.8603 27.06
-0.8473 47.89
-0.8333 31.3
-0.8203 25.11
-0.8073 37.72
-0.7933 39.67
-0.7803 31.47
-0.7673 29.35
-0.7533 26.65
-0.7403 24.79
-0.7273 25.95
-0.7133 25.23
-0.7003 25.39
-0.6873 24.95
-0.6733 24.67
-0.6603 24.73
-0.6473 24.06
-0.6333 21.92
-0.6203 20.43
-0.6073 19.06
-0.5933 19.01
-0.5803 20.22
-0.5673 18.12
-0.5533 13.4
-0.5403 9.979
-0.5273 7.257
-0.5133 4.713
-0.5003 2.324
-0.4873 0.5668
-0.4733 0.0003522
-0.4603 0
-0.4473 0
-0.4333 0
-0.4203 0
-0.4073 0
-0.3933 0
-0.3803 0
-0.3673 0
-0.3533 0
-0.3403 0
-0.3263 0
-0.3133 0
-0.3003 0
-0.2863 4.713e-05
-0.2733 0.01348
-0.2603 0.05078
-0.2463 0.1119
-0.2333 0.197
-0.2203 0.3059
-0.2063 0.4386
-0.1933 0.5953
-0.1803 0.7758
-0.1663 0.9801
-0.1533 1.249
-0.1403 1.883
-0.1263 2.938
-0.1133 4.411
-0.1003 6.465
-0.0863 9.067
-0.0733 12.07
-0.0603 14.54
-0.0463 15.04
-0.0333 21.65
-0.0203 34.96
-0.0063 28.52
0.0067 0
0.0197 0
0.0337 0
0.0467 0
0.0597 0
0.0737 0
0.0867 0
0.0997 0
0.1137 0
0.1267 0
0.1397 0
0.1537 0
0.1667 0
0.1797 0
0.1937 0
0.2067 0
0.2197 0
0.2337 0
0.2467 0
0.2597 0
0.2737 0
0.2867 0
0.2997 0
0.3137 0
0.3267 0
0.3397 0
0.3537 0
0.3667 0
0.3797 0
0.3937 0
0.4067 0
0.4197 0
0.4337 0
0.4467 0
0.4597 0
0.4737 0
0.4867 0
0.4997 0
0.5137 0
0.5267 0
0.5397 0
0.5537 0
0.5667 0
0.5797 0
0.5937 0
0.6067 0
0.6197 0
0.6337 0
0.6467 0
0.6607 0
0.6737 0
0.6867 0
0.7007 0
0.7137 0
0.7267 0
0.7407 0
0.7537 0
0.7667 0
0.7807 0
0.7937 0
0.8067 0
0.8207 0
0.8337 0
0.8467 0
0.8607 0
0.8737 0
0.8867 0
0.9007 0
0.9137 0
0.9267 0
0.9407 0
0.9537 0
0.9667 0
0.9807 0
0.9937 0
1.0067 0
1.0207 0
1.0337 0
1.0467 0
1.0607 0
1.0737 0
1.0867 0
1.1007 0
1.1137 0
1.1267 0
1.1407 0
1.1537 0
1.1667 0
1.1807 0
1.1937 0
1.2067 0
1.2207 0
1.2337 0
1.2467 0
1.2607 0
1.2737 0
1.2867 0
1.3007 0
1.3137 0
1.3267 0
1.3407 0
1.3537 0
1.3667 0
1.3807 0
1.3937 0
1.4067 0
1.4207 0
1.4337 0
1.4467 0
1.4607 0
1.4737 0
1.4867 0
1.5007 0
1.5137 0
1.5267 0
1.5407 0
1.5537 0
1.5667 0
1.5807 0
1.5937 0
1.6067 0
1.6207 0
1.6337 0
1.6467 0
1.6607 0
1.6737 0
1.6877 0
1.7007 0
1.7137 0
1.7277 0
1.7407 0
1.7537 0
1.7677 0
1.7807 0
1.7937 0
1.8077 0
1.8207 0
1.8337 0
1.8477 0
1.8607 0
1.8737 0
1.8877 0
1.9007 0
1.9137 0
1.9277 0
1.9407 0
1.9537 0
1.9677 0
1.9807 0
1.9937 0
2.0077 0
2.0207 0
2.0337 0
2.0477 0
2.0607 0
2.0737 0
2.0877 0
2.1007 0
2.1137 0
2.1277 0
2.1407 0.00211
2.1537 0.01132
2.1677 0.02784
2.1807 0.05167
2.1937 0.08282
2.2077 0.1213
2.2207 0.167
2.2337 0.2201
2.2477 0.2805
2.2607 0.3482
2.2737 0.4231
2.2877 0.5034
2.3007 0.5882
2.3137 0.6767
2.3277 0.7667
2.3407 0.8583
2.3537 0.9513
2.3677 1.046
2.3807 1.142
2.3937 1.239
2.4077 1.338
2.4207 1.438
2.4337 1.54
2.4477 1.643
2.4607 1.749
2.4737 1.88
2.4877 2.087
2.5007 2.287
2.5137 2.476
2.5277 2.655
2.5407 2.823
2.5537 2.981
2.5677 3.128
2.5807 3.264
2.5937 3.39
2.6077 3.498
2.6207 3.568
2.6337 3.621
2.6477 3.601
2.6607 3.577
2.6747 3.547
2.6877 3.514
2.7007 3.476
2.7147 3.435
2.7277 3.39
2.7407 3.342
2.7547 3.29
2.7677 3.253
2.7807 3.221
2.7947 3.186
2.8077 3.147
2.8207 3.104
2.8347 3.058
2.8477 3.008
2.8607 2.954
2.8747 2.845
2.8877 2.737
2.9007 2.628
2.9147 2.521
2.9277 2.414
2.9407 2.307
2.9547 2.201
2.9677 2.048
2.9807 1.894
2.9947 1.752
3.0077 1.669
3.0207 1.655
3.0347 1.733
3.0477 1.879
3.0607 2.097
3.0747 2.472
3.0877 2.926
3.1007 3.28
3.1147 3.617
3.1277 3.935
3.1407 4.235
3.1547 4.533
3.1677 4.926
3.1807 5.364
3.1947 5.765
3.2077 6.111
3.2207 6.402
3.2347 6.593
3.2477 6.471
3.2607 6.347
3.2747 6.223
3.2877 6.097
3.3007 5.97
3.3147 5.842
3.3277 7.394
3.3407 8.491
3.3547 9.106
3.3677 9.203
3.3807 7.506
3.3947 5.011
3.4077 2.748
3.4207 1.86
3.4347 1.619
3.4477 1.434
3.4607 1.306
3.4747 1.235
3.4877 1.211
3.5007 1.408
3.5147 1.646
3.5277 1.892
3.5407 2.147
3.5547 2.41
3.5677 2.682
3.5807 3.007
3.5947 3.874
3.6077 4.916
3.6207 6.113
3.6347 5.277
3.6477 5.674
3.6617 6.11
3.6747 6.586
3.6877 7.1
3.7017 7.653
3.7147 8.244
3.7277 8.78
3.7417 8.472
3.7547 8.251
3.7677 8.656
3.7817 9.201
3.7947 8.796
3.8077 8.267
3.8217 8.017
3.8347 8.094
3.8477 8.662
3.8617 9.187
3.8747 9.186
3.8877 8.82
3.9017 8.409
3.9147 8.053
3.9277 7.782
3.9417 7.598
3.9547 7.809
3.9677 8.327
3.9817 8.792
3.9947 9.211
4.0077 9.713
4.0217 10.7
4.0347 9.796
4.0477 10.11
4.0617 8.965
4.0747 7.835
4.0877 11.44
4.1017 17.78
4.1147 18.14
4.1277 13.75
4.1417 12.95
4.1547 12.18
4.1677 11.4
4.1817 10.43
4.1947 9.314
4.2077 8.081
4.2217 6.732
4.2347 5.377
4.2477 4.315
4.2617 3.449
4.2747 3.407
4.2877 3.758
4.3017 4.277
4.3147 4.868
4.3277 4.477
4.3417 5.069
4.3547 5.757
4.3677 6.807
4.3817 7.979
4.3947 8.304
4.4077 8.622
4.4217 8.932
4.4347 9.302
4.4477 9.99
4.4617 11.61
4.4747 12.45
4.4877 12.9
4.5017 13.09
4.5147 13.03
4.5277 12.79
4.5417 12.67
4.5547 10.94
4.5677 8.426
4.5817 7.95
4.5947 7.685
4.6077 7.501
4.6217 7.623
4.6347 8.389
4.6477 8.413
4.6617 8.083
4.6747 7.821
4.6887 8.076
4.7017 8.61
4.7147 9.016
4.7287 9.434
4.7417 9.581
4.7547 9.476
4.7687 9.96
4.7817 10.73
4.7947 8.289
4.8087 7.847
4.8217 8.682
4.8347 10.26
4.8487 11.95
4.8617 14.38
4.8747 13.38
4.8887 10.91
4.9017 7.517
4.9147 8.679
4.9287 10.27
4.9417 11.88
4.9547 13.66
4.9687 20.39
4.9817 24.26
4.9947 21.81
5.0087 17.49
5.0217 11.71
5.0347 7.843
5.0487 4.984
5.0617 4.542
5.0747 11.99
5.0887 20.2
5.1017 30.61
5.1147 24.66
5.1287 15.36
5.1417 11.45
5.1547 8.873
5.1687 7.25
5.1817 6.27
5.1947 5.642
5.2087 5.343
5.2217 5.582
5.2347 6.071
5.2487 6.505
5.2617 7.576
5.2747 9.234
5.2887 12.37
5.3017 14.78
5.3147 16.57
5.3287 17.91
5.3417 22.26
5.3547 17.42
5.3687 14.97
5.3817 13.15
5.3947 12.4
5.4087 12.53
5.4217 14.42
5.4347 14.91
5.4487 14.45
5.4617 15.04
5.4747 14.77
5.4887 14.67
5.5017 14.83
5.5147 14.12
5.5287 13.35
5.5417 13.12
5.5547 12.97
5.5687 13.28
5.5817 13.89
5.5947 14.62
5.6087 14.96
5.6217 15.05
5.6347 14.97
5.6487 14.79
5.6617 14.52
5.6757 14.2
5.6887 13.83
5.7017 13.41
5.7157 13.32
5.7287 13.44
5.7417 13.36
5.7557 13.21
5.7687 13.02
5.7817 12.77
5.7957 12.68
5.8087 12.69
5.8217 12.81
5.8357 13.56
5.8487 13.96
5.8617 14.26
5.8757 14.5
5.8887 15.14
5.9017 15.87
5.9157 16.79
5.9287 17.82
5.9417 18.83
5.9557 20.81
5.9687 27.07
5.9817 27.44
5.9957 28.65
6.0087 29.9
6.0217 29.73
6.0357 27.56
6.0487 26.28
6.0617 28.74
6.0757 38.6
6.0887 36.65
6.1017 30.79
6.1157 40.78
6.1287 26.09
6.1417 26.4
6.1557 42.43
6.1687 35.03
6.1817 29.69
6.1957 20.87
6.2087 22.11
6.2217 22.32
6.2357 29.46
6.2487 24.96
6.2617 22.59
6.2757 21.21
6.2887 20.02
6.3017 20.62
6.3157 19.52
6.3287 18.09
6.3417 19.83
6.3557 26.92
6.3687 30.86
6.3817 31.22
6.3957 27.52
6.4087 25.42
6.4217 24.88
6.4357 26.02
6.4487 31.82
6.4617 25.36
6.4757 27.49
6.4887 29.11
6.5017 28.29
6.5157 27.39
6.5287 27.26
6.5417 27.59
6.5557 28.13
6.5687 29.77
6.5817 28.04
6.5957 28.08
6.6087 32.92
6.6217 36.55
6.6357 33.99
6.6487 26.92
6.6627 26.69
6.6757 26.7
6.6887 25.67
6.7027 26.91
6.7157 28.17
6.7287 28.59
6.7427 31.96
6.7557 25.67
6.7687 24.75
6.7827 25.48
6.7957 26.86
6.8087 29.01
6.8227 27.03
6.8357 25.34
6.8487 25.49
6.8627 25.61
6.8757 26.08
6.8887 28.2
6.9027 27.82
6.9157 27.82
6.9287 23.02
6.9427 23.49
6.9557 22.51
6.9687 21.75
6.9827 20.85
6.9957 21.48
7.0087 29.03
7.0227 32.25
7.0357 32.02
7.0487 27.96
7.0627 26.44
7.0757 26.18
7.0887 26.34
7.1027 27.04
7.1157 33.28
7.1287 30.25
7.1427 28.8
7.1557 31.08
7.1687 31.88
7.1827 31.76
7.1957 33.75
7.2087 37.17
7.2227 39.14
7.2357 34.71
7.2487 23.78
7.2627 21.11
7.2757 22.12
7.2887 24.03
7.3027 25.99
7.3157 26.61
7.3287 30.21
7.3427 31.81
7.3557 33.68
7.3687 35.49
7.3827 35.32
7.3957 34.6
7.4087 32.09
7.4227 31.76
7.4357 31.05
7.4487 30.85
7.4627 30.86
7.4757 30.68
7.4887 30.79
7.5027 33.18
7.5157 30
7.5287 29.96
7.5427 29.36
7.5557 29.96
7.5687 29.63
7.5827 29.76
7.5957 29.73
7.6087 30.19
7.6227 30.99
7.6357 31.81
7.6487 29.63
7.6627 30.03
7.6757 30.55
7.6897 31.25
7.7027 31.68
7.7157 31.99
7.7297 32.33
7.7427 32.71
7.7557 32.95
7.7697 32.78
7.7827 33.59
7.7957 34.52
7.8097 35.51
7.8227 34.89
7.8357 35.56
7.8497 36.5
7.8627 37.87
7.8757 39.57
7.8897 39.05
7.9027 39.85
7.9157 39.29
7.9297 40.26
7.9427 40.93
7.9557 39.98
7.9697 38.03
7.9827 34.69
7.9957 35.41
8.0097 27.17
8.0227 26.76
8.0357 25.83
8.0497 27.55
8.0627 29.38
8.0757 21.95
8.0897 22.74
8.1027 24.58
8.1157 27.28
8.1297 32.79
8.1427 31.81
8.1557 30.26
8.1697 27.73
8.1827 21.22
8.1957 19.59
8.2097 18.69
8.2227 17.95
8.2357 29.2
8.2497 28.26
8.2627 24.72
8.2757 24.37
8.2897 22.81
8.3027 21.45
8.3157 21.31
8.3297 21.17
8.3427 18.85
8.3557 16.86
8.3697 15.77
8.3827 16.88
8.3957 16.04
8.4097 14.92
8.4227 13.98
8.4357 13.81
8.4497 15.38
8.4627 15.82
8.4757 16.14
8.4897 16.3
8.5027 16.34
8.5157 16.47
8.5297 16.56
8.5427 16.69
8.5557 17.09
8.5697 17.71
8.5827 18.49
8.5957 19.5
8.6097 20.22
8.6227 20.66
8.6357 23.97
8.6497 24.5
8.6627 24.67
8.6767 26.02
8.6897 25.88
8.7027 25.7
8.7167 25.94
8.7297 25.56
8.7427 25.56
8.7567 27.04
8.7697 28.12
8.7827 29.34
8.7967 30.78
8.8097 30.43
8.8227 29.45
8.8367 32.52
8.8497 30.2
8.8627 32.93
8.8767 35.61
8.8897 39.18
8.9027 38.66
8.9167 38.77
8.9297 36.26
8.9427 35.19
8.9567 35.83
8.9697 34.24
8.9827 31.35
8.9967 31.81
9.0097 33.21
9.0227 34.22
9.0367 33.16
9.0497 24.19
9.0627 28.33
9.0767 29.76
9.0897 30.69
9.1027 31.83
9.1167 28.22
9.1297 42.61
9.1427 30.39
9.1567 29.86
9.1697 31.73
9.1827 33.75
9.1967 33.73
9.2097 34.85
9.2227 35.86
9.2367 37.82
9.2497 40.46
9.2627 42.32
9.2767 40.89
9.2897 40.84
9.3027 41.99
9.3167 41.4
9.3297 39.87
9.3427 38.78
9.3567 38.3
9.3697 41.38
9.3827 49.57
9.3967 51.79
9.4097 44.85
9.4227 42.45
9.4367 44.23
9.4497 48.49
9.4627 55.18
9.4767 68.55
9.4897 63.48
9.5027 67.03
9.5167 73.39
9.5297 67.25
9.5427 73.01
9.5567 75.49
9.5697 78.15
9.5827 73
9.5967 81.04
9.6097 87.8
9.6227 78.36
9.6367 89.08
9.6497 93.21
9.6637 89.17
9.6767 83.37
9.6897 76.6
9.7037 79.67
9.7167 79.49
9.7297 83.49
9.7437 86.47
9.7567 88.82
9.7697 83.28
9.7837 77.73
9.7967 72.39
9.8097 66.48
9.8237 62.97
9.8367 56.05
9.8497 53.71
9.8637 52.54
9.8767 45.45
9.8897 43.86
9.9037 45.01
9.9167 46.13
9.9297 55.97
9.9437 42.2
9.9567 38.7
9.9697 36.11
9.9837 33.27
9.9967 29.81
10.0097 28.2
10.0237 28.44
10.0367 27.89
10.0497 26.11
10.0637 25.69
10.0767 25.02
10.0897 29.58
10.1037 31.72
10.1167 30.73
10.1297 28.97
10.1437 24.99
10.1567 21.57
10.1697 21.17
10.1837 21.79
10.1967 22.66
10.2097 23.55
10.2237 24.89
10.2367 25.97
10.2497 26.85
10.2637 27.61
10.2767 27.8
10.2897 26.55
10.3037 25.11
10.3167 23.47
10.3297 23.42
10.3437 24.12
10.3567 24.87
10.3697 24.82
10.3837 25.68
10.3967 27.41
10.4097 23.24
10.4237 23.1
10.4367 23.05
10.4497 22.99
10.4637 22.82
10.4767 22.65
10.4897 22.21
10.5037 21.6
10.5167 21.7
10.5297 21.52
10.5437 21.1
10.5567 21.72
10.5697 20.8
10.5837 20.25
10.5967 19.82
10.6097 19.8
10.6237 19.94
10.6367 19.97
10.6497 19.97
10.6637 19.14
10.6767 18.78
10.6907 21.6
10.7037 20.87
10.7167 20.21
10.7307 19.77
10.7437 19.89
10.7567 19.78
10.7707 19.56
10.7837 19.91
10.7967 20.46
10.8107 20.47
10.8237 20.78
10.8367 19.39
10.8507 19.34
10.8637 20.15
10.8767 20.26
10.8907 20.37
10.9037 19.83
10.9167 19.93
10.9307 19.54
10.9437 19.11
10.9567 19.07
10.9707 19.15
10.9837 22.25
10.9967 20.83
11.0107 21.77
11.0237 23.13
11.0367 24.33
11.0507 23.59
11.0637 24.93
11.0767 22.11
11.0907 21.14
11.1037 21.18
11.1167 23.59
11.1307 23.85
11.1437 22.28
11.1567 24.05
11.1707 30.33
11.1837 31.83
11.1967 30.4
11.2107 29.46
11.2237 27.3
11.2367 28.84
11.2507 27.26
11.2637 25.05
11.2767 25.72
11.2907 29.5
11.3037 31.8
11.3167 30.36
11.3307 41.11
11.3437 33.77
11.3567 29.43
11.3707 25.22
11.3837 23.89
11.3967 31.78
11.4107 30.72
11.4237 37.68
11.4367 38.82
11.4507 35.23
11.4637 38.16
11.4767 35.77
11.4907 34.14
11.5037 36.1
11.5167 37.4
11.5307 35.87
11.5437 36.52
11.5567 41.39
11.5707 41.59
11.5837 41.45
11.5967 42.2
11.6107 40.17
11.6237 40.29
11.6367 37.89
11.6507 41.23
11.6637 37.39
11.6777 33.38
11.6907 33.32
11.7037 49.62
11.7177 42.31
11.7307 40.05
11.7437 39.63
11.7577 38.68
11.7707 37.84
11.7837 40.42
11.7977 37.61
11.8107 31.24
11.8237 32.2
11.8377 33.53
11.8507 37.16
11.8637 37.64
11.8777 30.13
11.8907 31.56
11.9037 36.01
11.9177 40.49
11.9307 42.76
11.9437 34.16
11.9577 31.4
11.9707 31.19
11.9837 32.68
11.9977 32.21
12.0107 31.6
12.0237 32.98
12.0377 37.6
12.0507 42.17
12.0637 40.73
12.0777 38.47
12.0907 42.79
12.1037 36.01
12.1177 34.88
12.1307 36.03
12.1437 39.37
12.1577 40.52
12.1707 39.78
12.1837 37.36
12.1977 36.26
12.2107 35.8
12.2237 34.93
12.2377 33.83
12.2507 34.62
12.2637 34.18
12.2777 31.9
12.2907 31.68
12.3037 33.9
12.3177 33.84
12.3307 31.96
12.3437 32.72
12.3577 32.4
12.3707 31.45
12.3837 30.77
12.3977 28.65
12.4107 27.41
12.4237 27.48
12.4377 28.38
12.4507 29.15
12.4637 30.32
12.4777 31.09
12.4907 32
12.5037 30.68
12.5177 30.33
12.5307 29.62
12.5437 28.49
12.5577 27.47
12.5707 26.94
12.5837 26.35
12.5977 27
12.6107 27.15
12.6237 26.52
12.6377 25.94
12.6507 25.49
12.6647 26
12.6777 26.29
12.6907 26.55
12.7047 26.63
12.7177 23.25
12.7307 22.38
12.7447 21.75
12.7577 22.62
12.7707 28.79
12.7847 29.57
12.7977 29.12
12.8107 25.6
12.8247 24.99
12.8377 24.45
12.8507 23.92
12.8647 22.73
12.8777 21.96
12.8907 20.13
12.9047 18.91
12.9177 17.6
12.9307 15.58
12.9447 13.68
12.9577 12.41
12.9707 11.19
12.9847 9.975
12.9977 8.675
13.0107 7.383
13.0247 6.21
13.0377 5.319
13.0507 4.718
13.0647 4.207
13.0777 3.696
13.0907 3.201
13.1047 2.722
13.1177 2.263
13.1307 1.919
13.1447 1.594
13.1577 1.296
13.1707 1.032
13.1847 0.7976
13.1977 0.5932
13.2107 0.419
13.2247 0.2748
13.2377 0.1608
13.2507 0.07682
13.2647 0.02347
13.2777 0.0008547
13.2907 0
13.3047 0
13.3177 0
13.3307 0
13.3447 0
13.3577 0
13.3707 0
13.3847 0
13.3977 0
13.4107 0
13.4247 0
13.4377 0
13.4507 0
13.4647 0
13.4777 0
13.4907 0
13.5047 0
13.5177 0
13.5307 0
13.5447 0
13.5577 0
13.5707 0
13.5847 0
13.5977 0
13.6107 0
13.6247 0
13.6377 0
13.6507 0
13.6647 0
13.6777 0
13.6917 0
13.7047 0
13.7177 0
13.7317 0
13.7447 0
13.7577 0
13.7717 0
13.7847 0
13.7977 0
13.8117 0
13.8247 0
13.8377 0
13.8517 0
13.8647 0
13.8777 0
13.8917 0
13.9047 0
13.9177 0
13.9317 0
13.9447 0
13.9577 0
13.9717 0
13.9847 0
13.9977 0
14.0117 0
14.0247 0
14.0377 0
14.0517 0
14.0647 0
14.0777 0
14.0917 0
14.1047 0
14.1177 0
14.1317 0
14.1447 0
14.1577 0
14.1717 0
14.1847 0
14.1977 0
14.2117 0
14.2247 0
14.2377 0
14.2517 0
14.2647 0
14.2777 0
14.2917 0
14.3047 0
14.3177 0
14.3317 0
14.3447 0
14.3577 0
14.3717 0
14.3847 0
14.3977 0
14.4117 0
14.4247 0
14.4377 0
14.4517 0
14.4647 0
14.4777 0
14.4917 0
14.5047 0
14.5177 0
14.5317 0
14.5447 0
14.5577 0
14.5717 0
14.5847 0
14.5977 0
14.6117 0
14.6247 0
14.6377 0
14.6517 0
14.6647 0
14.6787 0
14.6917 0
14.7047 0
14.7187 0
14.7317 0
14.7447 0
14.7587 0
14.7717 0
14.7847 0
14.7987 0
14.8117 0
14.8247 0
14.8387 0
14.8517 0
14.8647 0
14.8787 0
14.8917 0
14.9047 0
14.9187 0
14.9317 0
14.9447 0
14.9587 0
14.9717 0
14.9847 0
14.9987 0
15.0117 0
15.0247 0
15.0387 0
15.0517 0
15.0647 0
15.0787 0
15.0917 0
15.1047 0
15.1187 0
15.1317 0
15.1447 0
15.1587 0
15.1717 0
15.1847 0
15.1987 0
15.2117 0
15.2247 0
15.2387 0
15.2517 0
15.2647 0
15.2787 0
15.2917 0
15.3047 0
15.3187 0
15.3317 0
15.3447 0
15.3587 0
15.3717 0
15.3847 0
15.3987 0
15.4117 0
15.4247 0
15.4387 0
15.4517 0
15.4647 0
15.4787 0
15.4917 0
15.5047 0
15.5187 0
15.5317 0
15.5447 0
15.5587 0
15.5717 0
15.5847 0
15.5987 0
15.6117 0
15.6247 0
15.6387 0
15.6517 0
15.6657 0
15.6787 0
15.6917 0
15.7057 0
15.7187 0
15.7317 0
15.7457 0
15.7587 0
15.7717 0
15.7857 0
15.7987 0
15.8117 0
15.8257 0
15.8387 0
15.8517 0
15.8657 0
15.8787 0
15.8917 0
15.9057 0
15.9187 0
15.9317 0
15.9457 0
15.9587 0
15.9717 0
15.9857 0
15.9987 0
16.0117 0
16.0257 0
16.0387 0
16.0517 0
16.0657 0
16.0787 0
16.0917 0
16.1057 0
16.1187 0
16.1317 0
16.1457 0
16.1587 0
